Link_index	Source	Destination	Capacity(EPRps)	Length(km)	Real/Virtual
0	0	1	73653.52	16.141	real
1	1	8	126.605	112.263	real
2	1	3	40411.19	22.227	real
3	2	41	17508.02	32.285	real
4	2	3	32333.114999999998	24.742	real
5	2	3	32333.114999999998	24.742	real
6	2	6	4831.155	50.521	real
7	3	49	19300.585	31.03	real
8	4	8	20606.565000000002	30.198	real
9	4	9	22860.22	28.899	real
10	4	7	12751.724999999999	36.502	real
11	5	8	8372.5	42.391	real
12	5	47	8650.119999999999	41.923	real
13	6	7	1050.835	75.052	real
14	8	32	13127.515000000001	36.108	real
15	8	35	111575.345	12.563	real
16	8	38	3676.175	54.72	real
17	8	47	655.3700000000001	83.094	real
18	8	36	29766.14	25.708	real
19	8	30	13990.920000000002	35.248	real
20	8	31	36088.75	23.487	real
21	9	32	27595.96	26.606	real
22	10	11	71258.84	16.449	real
23	11	19	19147.57	31.131	real
24	11	23	10063.745	39.777	real
25	12	30	230836.575	7.624	real
26	12	30	230836.575	7.624	real
27	13	14	54426.06	19.079	real
28	13	30	10194.585	39.596	real
29	14	42	76398.42	15.804	real
30	14	15	3203.26	56.872	real
31	14	45	670.84	82.693	real
32	15	16	3468.93	55.624	real
33	16	17	45643.869999999995	20.91	real
34	16	17	45643.869999999995	20.91	real
35	17	18	14062.974999999999	35.179	real
36	18	19	7518.674999999999	43.945	real
37	19	24	21545.915	29.637	real
38	19	30	975.58	76.306	real
39	20	26	69135.36	16.733	real
40	20	21	15997.99	33.465	real
41	21	28	259908.115	6.976	real
42	22	37	55558.435	18.87	real
43	22	30	21822.85	29.477	real
44	23	30	239219.21	7.424	real
45	24	27	41011.59	22.066	real
46	25	27	29465.46	25.827	real
47	25	37	58841.015	18.296	real
48	26	27	14245.54	35.006	real
49	26	27	14245.54	35.006	real
50	26	29	19398.73	30.965	real
51	28	29	26908.215	26.908	real
52	30	36	81770.44	15.19	real
53	30	38	4040.75	53.256	real
54	30	31	113819.655	12.405	real
55	32	33	754750.65	2.898	real
56	32	38	53233.72	19.305	real
57	32	39	74101.23999999999	16.085	real
58	33	34	142584.54499999998	10.708	real
59	34	35	95201.74	13.866	real
60	37	38	110755.64	12.622	real
61	37	38	110755.64	12.622	real
62	38	39	192376.41	8.704	real
63	40	41	8923.59	41.479	real
64	40	49	21514.864999999998	29.655	real
65	42	44	27773.045000000002	26.529	real
66	42	46	14132.02	35.113	real
67	43	44	62439.97	17.711	real
68	43	46	92015.84000000001	14.156	real
69	45	47	2115.925	63.488	real
70	46	47	22641.67	29.018	real
71	47	48	43302.59	21.475	real
72	48	49	53651.94	19.225	real
73	16	50	754850.65	0	virtual
74	50	17	45643.869999999995	20.91	real
75	8	51	754850.65	0	virtual
76	51	31	36088.75	23.487	real
77	43	52	754850.65	0	virtual
78	52	46	92015.84000000001	14.156	real
79	13	53	754850.65	0	virtual
80	53	14	54426.06	19.079	real
81	22	54	754850.65	0	virtual
82	54	30	21822.85	29.477	real
83	42	55	754850.65	0	virtual
84	55	44	27773.045000000002	26.529	real
85	40	56	754850.65	0	virtual
86	56	49	21514.864999999998	29.655	real
87	8	57	754850.65	0	virtual
88	57	38	3676.175	54.72	real
89	32	58	754850.65	0	virtual
90	58	33	754750.65	2.898	real
91	26	59	754850.65	0	virtual
92	59	29	19398.73	30.965	real
93	11	60	754850.65	0	virtual
94	60	19	19147.57	31.131	real
95	42	61	754850.65	0	virtual
96	61	44	27773.045000000002	26.529	real
97	47	62	754850.65	0	virtual
98	62	48	43302.59	21.475	real
99	8	63	754850.65	0	virtual
100	63	32	13127.515000000001	36.108	real
101	16	64	754850.65	0	virtual
102	64	17	45643.869999999995	20.91	real
103	33	65	754850.65	0	virtual
104	65	34	142584.54499999998	10.708	real
105	15	66	754850.65	0	virtual
106	66	16	3468.93	55.624	real
107	8	67	754850.65	0	virtual
108	67	30	13990.920000000002	35.248	real
109	45	68	754850.65	0	virtual
110	68	47	2115.925	63.488	real
111	30	69	754850.65	0	virtual
112	69	36	81770.44	15.19	real
113	30	70	754850.65	0	virtual
114	70	38	4040.75	53.256	real
115	34	71	754850.65	0	virtual
116	71	35	95201.74	13.866	real
117	16	72	754850.65	0	virtual
118	72	17	45643.869999999995	20.91	real
119	48	73	754850.65	0	virtual
120	73	49	53651.94	19.225	real
121	48	74	754850.65	0	virtual
122	74	49	53651.94	19.225	real
123	8	75	754850.65	0	virtual
124	75	35	111575.345	12.563	real
125	4	76	754850.65	0	virtual
126	76	7	12751.724999999999	36.502	real
127	47	77	754850.65	0	virtual
128	77	48	43302.59	21.475	real
129	1	78	754850.65	0	virtual
130	78	8	126.605	112.263	real
131	21	79	754850.65	0	virtual
132	79	28	259908.115	6.976	real
133	14	80	754850.65	0	virtual
134	80	45	670.84	82.693	real
135	20	81	754850.65	0	virtual
136	81	21	15997.99	33.465	real
137	5	82	754850.65	0	virtual
138	82	8	8372.5	42.391	real
139	47	83	754850.65	0	virtual
140	83	48	43302.59	21.475	real
141	5	84	754850.65	0	virtual
142	84	47	8650.119999999999	41.923	real
143	14	85	754850.65	0	virtual
144	85	42	76398.42	15.804	real
145	32	86	754850.65	0	virtual
146	86	38	53233.72	19.305	real
147	15	87	754850.65	0	virtual
148	87	16	3468.93	55.624	real
149	9	88	754850.65	0	virtual
150	88	32	27595.96	26.606	real
151	14	89	754850.65	0	virtual
152	89	45	670.84	82.693	real
153	8	90	754850.65	0	virtual
154	90	36	29766.14	25.708	real
155	43	91	754850.65	0	virtual
156	91	44	62439.97	17.711	real
157	22	92	754850.65	0	virtual
158	92	37	55558.435	18.87	real
159	37	93	754850.65	0	virtual
160	93	38	110755.64	12.622	real
161	26	94	754850.65	0	virtual
162	94	27	14245.54	35.006	real
163	14	95	754850.65	0	virtual
164	95	15	3203.26	56.872	real
165	30	96	754850.65	0	virtual
166	96	38	4040.75	53.256	real
167	6	97	754850.65	0	virtual
168	97	7	1050.835	75.052	real
169	24	98	754850.65	0	virtual
170	98	27	41011.59	22.066	real
171	32	99	754850.65	0	virtual
172	99	39	74101.23999999999	16.085	real
173	5	100	754850.65	0	virtual
174	100	8	8372.5	42.391	real
175	4	101	754850.65	0	virtual
176	101	7	12751.724999999999	36.502	real
177	22	102	754850.65	0	virtual
178	102	37	55558.435	18.87	real
179	14	103	754850.65	0	virtual
180	103	15	3203.26	56.872	real
181	8	104	754850.65	0	virtual
182	104	36	29766.14	25.708	real
183	45	105	754850.65	0	virtual
184	105	47	2115.925	63.488	real
185	18	106	754850.65	0	virtual
186	106	19	7518.674999999999	43.945	real
187	45	107	754850.65	0	virtual
188	107	47	2115.925	63.488	real
189	21	108	754850.65	0	virtual
190	108	28	259908.115	6.976	real
191	11	109	754850.65	0	virtual
192	109	23	10063.745	39.777	real
193	11	110	754850.65	0	virtual
194	110	23	10063.745	39.777	real
195	11	111	754850.65	0	virtual
196	111	23	10063.745	39.777	real
197	8	112	754850.65	0	virtual
198	112	38	3676.175	54.72	real
199	14	113	754850.65	0	virtual
200	113	42	76398.42	15.804	real
201	28	114	754850.65	0	virtual
202	114	29	26908.215	26.908	real
203	8	115	754850.65	0	virtual
204	115	30	13990.920000000002	35.248	real
205	11	116	754850.65	0	virtual
206	116	19	19147.57	31.131	real
207	8	117	754850.65	0	virtual
208	117	31	36088.75	23.487	real
209	18	118	754850.65	0	virtual
210	118	19	7518.674999999999	43.945	real
211	38	119	754850.65	0	virtual
212	119	39	192376.41	8.704	real
213	5	120	754850.65	0	virtual
214	120	8	8372.5	42.391	real
215	8	121	754850.65	0	virtual
216	121	36	29766.14	25.708	real
217	26	122	754850.65	0	virtual
218	122	27	14245.54	35.006	real
219	12	123	754850.65	0	virtual
220	123	30	230836.575	7.624	real
221	32	124	754850.65	0	virtual
222	124	33	754750.65	2.898	real
223	2	125	754850.65	0	virtual
224	125	41	17508.02	32.285	real
225	8	126	754850.65	0	virtual
226	126	36	29766.14	25.708	real
227	40	127	754850.65	0	virtual
228	127	41	8923.59	41.479	real
229	13	128	754850.65	0	virtual
230	128	14	54426.06	19.079	real
231	20	129	754850.65	0	virtual
232	129	21	15997.99	33.465	real
233	13	130	754850.65	0	virtual
234	130	30	10194.585	39.596	real
235	17	131	754850.65	0	virtual
236	131	18	14062.974999999999	35.179	real
237	26	132	754850.65	0	virtual
238	132	29	19398.73	30.965	real
239	40	133	754850.65	0	virtual
240	133	41	8923.59	41.479	real
241	38	134	754850.65	0	virtual
242	134	39	192376.41	8.704	real
243	26	135	754850.65	0	virtual
244	135	29	19398.73	30.965	real
245	8	136	754850.65	0	virtual
246	136	31	36088.75	23.487	real
247	21	137	754850.65	0	virtual
248	137	28	259908.115	6.976	real
249	40	138	754850.65	0	virtual
250	138	41	8923.59	41.479	real
251	37	139	754850.65	0	virtual
252	139	38	110755.64	12.622	real
253	20	140	754850.65	0	virtual
254	140	21	15997.99	33.465	real
255	18	141	754850.65	0	virtual
256	141	19	7518.674999999999	43.945	real
257	20	142	754850.65	0	virtual
258	142	26	69135.36	16.733	real
259	8	143	754850.65	0	virtual
260	143	38	3676.175	54.72	real
261	20	144	754850.65	0	virtual
262	144	26	69135.36	16.733	real
263	4	145	754850.65	0	virtual
264	145	7	12751.724999999999	36.502	real
265	12	146	754850.65	0	virtual
266	146	30	230836.575	7.624	real
267	8	147	754850.65	0	virtual
268	147	31	36088.75	23.487	real
269	1	148	754850.65	0	virtual
270	148	3	40411.19	22.227	real
271	33	149	754850.65	0	virtual
272	149	34	142584.54499999998	10.708	real
273	38	150	754850.65	0	virtual
274	150	39	192376.41	8.704	real
275	11	151	754850.65	0	virtual
276	151	23	10063.745	39.777	real
277	19	152	754850.65	0	virtual
278	152	24	21545.915	29.637	real
279	30	153	754850.65	0	virtual
280	153	38	4040.75	53.256	real
281	25	154	754850.65	0	virtual
282	154	27	29465.46	25.827	real
283	43	155	754850.65	0	virtual
284	155	44	62439.97	17.711	real
285	34	156	754850.65	0	virtual
286	156	35	95201.74	13.866	real
287	17	157	754850.65	0	virtual
288	157	18	14062.974999999999	35.179	real
289	42	158	754850.65	0	virtual
290	158	46	14132.02	35.113	real
291	11	159	754850.65	0	virtual
292	159	23	10063.745	39.777	real
293	23	160	754850.65	0	virtual
294	160	30	239219.21	7.424	real
295	32	161	754850.65	0	virtual
296	161	38	53233.72	19.305	real
297	5	162	754850.65	0	virtual
298	162	8	8372.5	42.391	real
299	30	163	754850.65	0	virtual
300	163	38	4040.75	53.256	real
301	38	164	754850.65	0	virtual
302	164	39	192376.41	8.704	real
303	14	165	754850.65	0	virtual
304	165	42	76398.42	15.804	real
305	37	166	754850.65	0	virtual
306	166	38	110755.64	12.622	real
307	42	167	754850.65	0	virtual
308	167	46	14132.02	35.113	real
309	19	168	754850.65	0	virtual
310	168	30	975.58	76.306	real
311	8	169	754850.65	0	virtual
312	169	35	111575.345	12.563	real
313	14	170	754850.65	0	virtual
314	170	42	76398.42	15.804	real
315	25	171	754850.65	0	virtual
316	171	37	58841.015	18.296	real
317	10	172	754850.65	0	virtual
318	172	11	71258.84	16.449	real
319	26	173	754850.65	0	virtual
320	173	29	19398.73	30.965	real
321	6	174	754850.65	0	virtual
322	174	7	1050.835	75.052	real
323	16	175	754850.65	0	virtual
324	175	17	45643.869999999995	20.91	real
325	43	176	754850.65	0	virtual
326	176	46	92015.84000000001	14.156	real
327	14	177	754850.65	0	virtual
328	177	42	76398.42	15.804	real
329	47	178	754850.65	0	virtual
330	178	48	43302.59	21.475	real
331	25	179	754850.65	0	virtual
332	179	27	29465.46	25.827	real
333	1	180	754850.65	0	virtual
334	180	3	40411.19	22.227	real
335	12	181	754850.65	0	virtual
336	181	30	230836.575	7.624	real
337	42	182	754850.65	0	virtual
338	182	44	27773.045000000002	26.529	real
339	17	183	754850.65	0	virtual
340	183	18	14062.974999999999	35.179	real
341	43	184	754850.65	0	virtual
342	184	44	62439.97	17.711	real
343	2	185	754850.65	0	virtual
344	185	6	4831.155	50.521	real
345	12	186	754850.65	0	virtual
346	186	30	230836.575	7.624	real
347	12	187	754850.65	0	virtual
348	187	30	230836.575	7.624	real
349	20	188	754850.65	0	virtual
350	188	26	69135.36	16.733	real
351	43	189	754850.65	0	virtual
352	189	46	92015.84000000001	14.156	real
353	37	190	754850.65	0	virtual
354	190	38	110755.64	12.622	real
355	47	191	754850.65	0	virtual
356	191	48	43302.59	21.475	real
357	26	192	754850.65	0	virtual
358	192	29	19398.73	30.965	real
359	12	193	754850.65	0	virtual
360	193	30	230836.575	7.624	real
361	13	194	754850.65	0	virtual
362	194	14	54426.06	19.079	real
363	17	195	754850.65	0	virtual
364	195	18	14062.974999999999	35.179	real
365	43	196	754850.65	0	virtual
366	196	44	62439.97	17.711	real
367	37	197	754850.65	0	virtual
368	197	38	110755.64	12.622	real
369	47	198	754850.65	0	virtual
370	198	48	43302.59	21.475	real
371	4	199	754850.65	0	virtual
372	199	9	22860.22	28.899	real
373	16	200	754850.65	0	virtual
374	200	17	45643.869999999995	20.91	real
375	16	201	754850.65	0	virtual
376	201	17	45643.869999999995	20.91	real
377	38	202	754850.65	0	virtual
378	202	39	192376.41	8.704	real
379	47	203	754850.65	0	virtual
380	203	48	43302.59	21.475	real
381	8	204	754850.65	0	virtual
382	204	31	36088.75	23.487	real
383	8	205	754850.65	0	virtual
384	205	32	13127.515000000001	36.108	real
385	4	206	754850.65	0	virtual
386	206	7	12751.724999999999	36.502	real
387	40	207	754850.65	0	virtual
388	207	41	8923.59	41.479	real
389	26	208	754850.65	0	virtual
390	208	27	14245.54	35.006	real
391	25	209	754850.65	0	virtual
392	209	27	29465.46	25.827	real
393	34	210	754850.65	0	virtual
394	210	35	95201.74	13.866	real
395	16	211	754850.65	0	virtual
396	211	17	45643.869999999995	20.91	real
397	1	212	754850.65	0	virtual
398	212	8	126.605	112.263	real
399	38	213	754850.65	0	virtual
400	213	39	192376.41	8.704	real
401	4	214	754850.65	0	virtual
402	214	7	12751.724999999999	36.502	real
403	5	215	754850.65	0	virtual
404	215	47	8650.119999999999	41.923	real
405	15	216	754850.65	0	virtual
406	216	16	3468.93	55.624	real
407	2	217	754850.65	0	virtual
408	217	41	17508.02	32.285	real
409	4	218	754850.65	0	virtual
410	218	9	22860.22	28.899	real
411	28	219	754850.65	0	virtual
412	219	29	26908.215	26.908	real
413	43	220	754850.65	0	virtual
414	220	44	62439.97	17.711	real
415	13	221	754850.65	0	virtual
416	221	14	54426.06	19.079	real
417	40	222	754850.65	0	virtual
418	222	49	21514.864999999998	29.655	real
419	46	223	754850.65	0	virtual
420	223	47	22641.67	29.018	real
421	2	224	754850.65	0	virtual
422	224	41	17508.02	32.285	real
423	18	225	754850.65	0	virtual
424	225	19	7518.674999999999	43.945	real
425	38	226	754850.65	0	virtual
426	226	39	192376.41	8.704	real
427	9	227	754850.65	0	virtual
428	227	32	27595.96	26.606	real
429	23	228	754850.65	0	virtual
430	228	30	239219.21	7.424	real
431	19	229	754850.65	0	virtual
432	229	30	975.58	76.306	real
433	38	230	754850.65	0	virtual
434	230	39	192376.41	8.704	real
435	9	231	754850.65	0	virtual
436	231	32	27595.96	26.606	real
437	25	232	754850.65	0	virtual
438	232	27	29465.46	25.827	real
439	1	233	754850.65	0	virtual
440	233	8	126.605	112.263	real
441	14	234	754850.65	0	virtual
442	234	45	670.84	82.693	real
443	43	235	754850.65	0	virtual
444	235	44	62439.97	17.711	real
445	46	236	754850.65	0	virtual
446	236	47	22641.67	29.018	real
447	12	237	754850.65	0	virtual
448	237	30	230836.575	7.624	real
449	10	238	754850.65	0	virtual
450	238	11	71258.84	16.449	real
451	28	239	754850.65	0	virtual
452	239	29	26908.215	26.908	real
453	21	240	754850.65	0	virtual
454	240	28	259908.115	6.976	real
455	8	241	754850.65	0	virtual
456	241	32	13127.515000000001	36.108	real
457	3	242	754850.65	0	virtual
458	242	49	19300.585	31.03	real
459	37	243	754850.65	0	virtual
460	243	38	110755.64	12.622	real
461	11	244	754850.65	0	virtual
462	244	23	10063.745	39.777	real
463	14	245	754850.65	0	virtual
464	245	42	76398.42	15.804	real
465	22	246	754850.65	0	virtual
466	246	37	55558.435	18.87	real
467	9	247	754850.65	0	virtual
468	247	32	27595.96	26.606	real
469	28	248	754850.65	0	virtual
470	248	29	26908.215	26.908	real
471	17	249	754850.65	0	virtual
472	249	18	14062.974999999999	35.179	real
473	30	250	754850.65	0	virtual
474	250	31	113819.655	12.405	real
475	13	251	754850.65	0	virtual
476	251	14	54426.06	19.079	real
477	8	252	754850.65	0	virtual
478	252	47	655.3700000000001	83.094	real
479	19	253	754850.65	0	virtual
480	253	24	21545.915	29.637	real
481	12	254	754850.65	0	virtual
482	254	30	230836.575	7.624	real
483	32	255	754850.65	0	virtual
484	255	39	74101.23999999999	16.085	real
485	5	256	754850.65	0	virtual
486	256	8	8372.5	42.391	real
487	2	257	754850.65	0	virtual
488	257	3	32333.114999999998	24.742	real
489	26	258	754850.65	0	virtual
490	258	27	14245.54	35.006	real
491	1	259	754850.65	0	virtual
492	259	3	40411.19	22.227	real
493	32	260	754850.65	0	virtual
494	260	33	754750.65	2.898	real
495	25	261	754850.65	0	virtual
496	261	37	58841.015	18.296	real
497	48	262	754850.65	0	virtual
498	262	49	53651.94	19.225	real
499	2	263	754850.65	0	virtual
500	263	6	4831.155	50.521	real
501	21	264	754850.65	0	virtual
502	264	28	259908.115	6.976	real
503	23	265	754850.65	0	virtual
504	265	30	239219.21	7.424	real
505	16	266	754850.65	0	virtual
506	266	17	45643.869999999995	20.91	real
507	43	267	754850.65	0	virtual
508	267	44	62439.97	17.711	real
509	12	268	754850.65	0	virtual
510	268	30	230836.575	7.624	real
511	13	269	754850.65	0	virtual
512	269	14	54426.06	19.079	real
513	32	270	754850.65	0	virtual
514	270	38	53233.72	19.305	real
515	37	271	754850.65	0	virtual
516	271	38	110755.64	12.622	real
517	43	272	754850.65	0	virtual
518	272	44	62439.97	17.711	real
519	22	273	754850.65	0	virtual
520	273	30	21822.85	29.477	real
521	2	274	754850.65	0	virtual
522	274	3	32333.114999999998	24.742	real
523	42	275	754850.65	0	virtual
524	275	46	14132.02	35.113	real
525	10	276	754850.65	0	virtual
526	276	11	71258.84	16.449	real
527	42	277	754850.65	0	virtual
528	277	46	14132.02	35.113	real
529	43	278	754850.65	0	virtual
530	278	46	92015.84000000001	14.156	real
531	25	279	754850.65	0	virtual
532	279	27	29465.46	25.827	real
533	8	280	754850.65	0	virtual
534	280	30	13990.920000000002	35.248	real
535	14	281	754850.65	0	virtual
536	281	42	76398.42	15.804	real
537	21	282	754850.65	0	virtual
538	282	28	259908.115	6.976	real
539	30	283	754850.65	0	virtual
540	283	36	81770.44	15.19	real
541	43	284	754850.65	0	virtual
542	284	44	62439.97	17.711	real
543	48	285	754850.65	0	virtual
544	285	49	53651.94	19.225	real
545	19	286	754850.65	0	virtual
546	286	24	21545.915	29.637	real
547	25	287	754850.65	0	virtual
548	287	37	58841.015	18.296	real
549	3	288	754850.65	0	virtual
550	288	49	19300.585	31.03	real
551	30	289	754850.65	0	virtual
552	289	38	4040.75	53.256	real
553	0	290	754850.65	0	virtual
554	290	1	73653.52	16.141	real
555	40	291	754850.65	0	virtual
556	291	49	21514.864999999998	29.655	real
557	11	292	754850.65	0	virtual
558	292	19	19147.57	31.131	real
559	28	293	754850.65	0	virtual
560	293	29	26908.215	26.908	real
561	43	294	754850.65	0	virtual
562	294	44	62439.97	17.711	real
563	17	295	754850.65	0	virtual
564	295	18	14062.974999999999	35.179	real
565	25	296	754850.65	0	virtual
566	296	37	58841.015	18.296	real
567	4	297	754850.65	0	virtual
568	297	9	22860.22	28.899	real
569	16	298	754850.65	0	virtual
570	298	17	45643.869999999995	20.91	real
571	12	299	754850.65	0	virtual
572	299	30	230836.575	7.624	real
